6 19369 2
6 19222 2
6 20530 2
6 20287 2
6 20059 2
6 20088 2
6 19774 2
6 19991 2
6 20074 2
6 19801 2
6 19834 2
6 19611 2
6 19794 2
6 19988 2
6 19895 2
6 19841 2
6 19459 2
6 19333 2
6 19676 2
6 25813 2
6 19523 2
6 19689 2
6 20323 2
6 19592 2
6 19618 2
14 35849 58
14 36493 58
14 36044 58
14 36452 58
14 36047 58
14 35917 58
14 36032 58
14 36024 58
14 36796 58
14 36227 58
14 35801 58
14 35771 58
14 35862 58
14 36686 58
14 35846 58
14 35702 58
14 36034 58
14 35947 58
14 35773 58
14 36252 58
14 35898 58
14 22203 58
14 22648 58
14 22776 58
14 23420 58
11 20501 8
11 19526 8
11 19104 8
11 19135 8
11 19300 8
11 19228 8
11 19971 8
11 19928 8
11 19370 8
11 20372 8
11 18834 8
11 19812 8
11 19346 8
11 19464 8
11 19016 8
11 19216 8
11 19323 8
11 19609 8
11 19639 8
11 19909 8
11 18882 8
11 18766 8
11 19375 8
11 19514 8
11 19282 8
16 23633 2317
16 25210 2317
16 23708 2317
16 24233 2317
16 24233 2317
16 23891 2317
16 23894 2317
16 24127 2317
16 24233 2317
16 23846 2317
16 25275 2317
16 24067 2317
16 24997 2317
16 24237 2317
16 24393 2317
16 24297 2317
16 25849 2317
16 33785 2317
16 24534 2317
16 24287 2317
16 23984 2317
16 24425 2317
16 24373 2317
16 23826 2317
16 23867 2317
15 22941 68
15 23268 68
15 23610 68
15 23702 68
15 23416 68
15 23177 68
15 23191 68
15 23132 68
15 23270 68
15 23341 68
15 23013 68
15 23068 68
15 23503 68
15 22982 68
15 24713 68
15 23491 68
15 23333 68
15 23610 68
15 23672 68
15 24075 68
15 23488 68
15 24304 68
15 23259 68
15 23143 68
15 22883 68
8 14104 89
8 13840 89
8 13562 89
8 13525 89
8 13653 89
8 13868 89
8 13993 89
8 13509 89
8 13682 89
8 14058 89
8 13996 89
8 13798 89
8 13688 89
8 13751 89
8 13834 89
8 13813 89
8 13522 89
8 13471 89
8 13609 89
8 13853 89
8 13800 89
8 13508 89
8 13753 89
8 13455 89
8 13725 89
9 16819 1028
9 16763 1028
9 17226 1028
9 16785 1028
9 17200 1028
9 16973 1028
9 17273 1028
9 17938 1028
9 17320 1028
9 16993 1028
9 16673 1028
9 16754 1028
9 17068 1028
9 17187 1028
9 17211 1028
9 16781 1028
9 16719 1028
9 17146 1028
9 16798 1028
9 16875 1028
9 16746 1028
9 17865 1028
9 16783 1028
9 16715 1028
9 16717 1028
10 18340 65
10 18988 65
10 18077 65
10 18616 65
10 18186 65
10 18232 65
10 18432 65
10 18569 65
10 18401 65
10 17939 65
10 18509 65
10 18018 65
10 18024 65
10 18075 65
10 18312 65
10 18411 65
10 17846 65
10 17973 65
10 18238 65
10 18362 65
10 18284 65
10 18078 65
10 19067 65
10 18496 65
10 18212 65
12 20322 182
12 20331 182
12 20237 182
12 20509 182
12 20106 182
12 20327 182
12 20297 182
12 20057 182
12 19967 182
12 20516 182
12 19948 182
12 20189 182
12 20121 182
12 20068 182
12 20230 182
12 19728 182
12 20165 182
12 20445 182
12 19767 182
12 19735 182
12 20257 182
12 19878 182
12 20138 182
12 20268 182
12 20063 182
13 20856 79
13 21810 79
13 27211 79
13 20869 79
13 21294 79
13 20976 79
13 21204 79
13 21253 79
13 21627 79
13 21009 79
13 21979 79
13 21911 79
13 20876 79
13 20772 79
13 20831 79
13 20715 79
13 21100 79
13 21282 79
13 20797 79
13 22375 79
13 21619 79
13 20932 79
13 20827 79
13 21639 79
13 20914 79
