6 294 0
6 287 0
6 285 0
6 302 0
6 286 0
6 284 0
6 301 0
6 300 0
6 283 0
6 302 0
6 331 0
6 283 0
6 316 0
6 352 0
6 284 0
6 283 0
6 308 0
6 284 0
6 283 0
6 351 0
6 284 0
6 283 0
6 283 0
6 300 0
6 283 0
14 89654 0
14 80805 0
14 81557 0
14 84669 0
14 81202 0
14 81276 0
14 84830 0
14 81883 0
14 82791 0
14 82896 0
14 81144 0
14 81116 0
14 80792 0
14 83363 0
14 82949 0
14 80994 0
14 80901 0
14 81059 0
14 81091 0
14 85798 0
14 86669 0
14 81755 0
14 51906 0
14 51056 0
14 52360 0
11 6470 0
11 6081 0
11 6304 0
11 5991 0
11 6109 0
11 5930 0
11 6136 0
11 6731 0
11 6344 0
11 6179 0
11 6441 0
11 6542 0
11 6076 0
11 6141 0
11 6484 0
11 5993 0
11 6239 0
11 6343 0
11 6168 0
11 6466 0
11 6202 0
11 6071 0
11 6412 0
11 6212 0
11 6527 0
16 204237 1
16 231939 1
16 205264 1
16 205776 1
16 205273 1
16 209738 1
16 212898 1
16 227858 1
16 205156 1
16 205129 1
16 205955 1
16 216486 1
16 206134 1
16 206243 1
16 205538 1
16 207165 1
16 204221 1
16 222300 1
16 220313 1
16 207877 1
16 208072 1
16 206376 1
16 206983 1
16 206197 1
16 203565 1
15 101834 0
15 103035 0
15 101489 0
15 101863 0
15 103651 0
15 102917 0
15 102545 0
15 102809 0
15 102301 0
15 102020 0
15 101929 0
15 102933 0
15 102524 0
15 102491 0
15 103612 0
15 105283 0
15 102604 0
15 102800 0
15 105001 0
15 106196 0
15 103971 0
15 103432 0
15 105446 0
15 103127 0
15 102235 0
8 756 3
8 705 3
8 723 3
8 705 3
8 702 3
8 692 3
8 720 3
8 725 3
8 712 3
8 704 3
8 721 3
8 731 3
8 701 3
8 706 3
8 708 3
8 723 3
8 718 3
8 694 3
8 702 3
8 761 3
8 702 3
8 713 3
8 941 3
8 717 3
8 704 3
9 1433 0
9 1463 0
9 1412 0
9 1423 0
9 1756 0
9 1545 0
9 1424 0
9 1438 0
9 1607 0
9 1565 0
9 1413 0
9 1636 0
9 1516 0
9 1481 0
9 1421 0
9 1424 0
9 1407 0
9 1432 0
9 1450 0
9 1461 0
9 1405 0
9 1534 0
9 1418 0
9 1423 0
9 1460 0
10 2865 3
10 2942 3
10 2924 3
10 3024 3
10 3309 3
10 3024 3
10 3193 3
10 2995 3
10 3551 3
10 3221 3
10 2928 3
10 3246 3
10 3038 3
10 3251 3
10 2987 3
10 2905 3
10 3043 3
10 3168 3
10 3152 3
10 3100 3
10 3099 3
10 2992 3
10 2994 3
10 3706 3
10 2962 3
12 12143 2
12 12090 2
12 12241 2
12 12674 2
12 12595 2
12 12007 2
12 12177 2
12 12605 2
12 12131 2
12 12442 2
12 12025 2
12 12214 2
12 12088 2
12 12087 2
12 12170 2
12 11976 2
12 12609 2
12 12210 2
12 12549 2
12 12225 2
12 12267 2
12 12280 2
12 12266 2
12 12555 2
12 12162 2
13 25200 1
13 26153 1
13 25218 1
13 25500 1
13 24610 1
13 24823 1
13 25160 1
13 25447 1
13 25010 1
13 25070 1
13 24720 1
13 26026 1
13 25282 1
13 25097 1
13 24633 1
13 26360 1
13 25214 1
13 24834 1
13 24953 1
13 25301 1
13 25849 1
13 25155 1
13 24872 1
13 24848 1
13 24992 1
