6 43 2
6 41 2
6 41 2
6 41 2
6 40 2
6 40 2
6 40 2
6 40 2
6 40 2
6 40 2
6 40 2
6 40 2
6 40 2
6 40 2
6 40 2
6 40 2
6 41 2
6 40 2
6 41 2
6 40 2
6 40 2
6 40 2
6 40 2
6 40 2
6 40 2
14 254 0
14 255 0
14 238 0
14 239 0
14 256 0
14 240 0
14 257 0
14 240 0
14 273 0
14 240 0
14 239 0
14 238 0
14 255 0
14 239 0
14 256 0
14 265 0
14 239 0
14 281 0
14 256 0
14 265 0
14 256 0
14 266 0
14 150 0
14 156 0
14 184 0
11 151 0
11 133 0
11 133 0
11 133 0
11 133 0
11 223 0
11 179 0
11 147 0
11 132 0
11 192 0
11 185 0
11 174 0
11 282 0
11 133 0
11 171 0
11 197 0
11 150 0
11 204 0
11 133 0
11 541 0
11 153 0
11 217 0
11 133 0
11 132 0
11 133 0
16 148 39
16 134 39
16 137 39
16 136 39
16 138 39
16 152 39
16 203 39
16 134 39
16 189 39
16 214 39
16 133 39
16 164 39
16 210 39
16 146 39
16 154 39
16 196 39
16 189 39
16 237 39
16 144 39
16 137 39
16 136 39
16 150 39
16 168 39
16 206 39
16 147 39
15 124 44
15 168 44
15 134 44
15 142 44
15 125 44
15 127 44
15 124 44
15 126 44
15 126 44
15 127 44
15 133 44
15 133 44
15 126 44
15 123 44
15 126 44
15 129 44
15 150 44
15 215 44
15 129 44
15 153 44
15 142 44
15 143 44
15 166 44
15 127 44
15 127 44
8 45 73
8 45 73
8 45 73
8 45 73
8 44 73
8 104 73
8 46 73
8 44 73
8 44 73
8 77 73
8 44 73
8 45 73
8 44 73
8 44 73
8 95 73
8 45 73
8 45 73
8 44 73
8 43 73
8 44 73
8 44 73
8 45 73
8 44 73
8 45 73
8 44 73
9 57 160
9 94 160
9 57 160
9 89 160
9 83 160
9 118 160
9 57 160
9 56 160
9 92 160
9 57 160
9 129 160
9 57 160
9 83 160
9 92 160
9 57 160
9 82 160
9 57 160
9 57 160
9 57 160
9 57 160
9 57 160
9 89 160
9 57 160
9 57 160
9 57 160
10 95 65
10 43 65
10 42 65
10 43 65
10 73 65
10 43 65
10 64 65
10 43 65
10 67 65
10 44 65
10 42 65
10 62 65
10 42 65
10 68 65
10 42 65
10 43 65
10 45 65
10 110 65
10 42 65
10 42 65
10 68 65
10 42 65
10 42 65
10 65 65
10 42 65
12 51 182
12 50 182
12 51 182
12 50 182
12 51 182
12 50 182
12 90 182
12 76 182
12 50 182
12 51 182
12 59 182
12 50 182
12 50 182
12 50 182
12 50 182
12 50 182
12 50 182
12 50 182
12 115 182
12 50 182
12 50 182
12 51 182
12 51 182
12 50 182
12 52 182
13 107 3
13 109 3
13 107 3
13 168 3
13 108 3
13 123 3
13 108 3
13 109 3
13 151 3
13 111 3
13 110 3
13 185 3
13 114 3
13 108 3
13 123 3
13 109 3
13 109 3
13 107 3
13 108 3
13 224 3
13 113 3
13 134 3
13 123 3
13 122 3
13 108 3
