6 6193 0
6 6138 0
6 6006 0
6 6057 0
6 6327 0
6 6459 0
6 6045 0
6 6486 0
6 6060 0
6 6036 0
6 6389 0
6 6018 0
6 6882 0
6 6123 0
6 6093 0
6 6466 0
6 12346 0
6 6024 0
6 6406 0
6 5986 0
6 5992 0
6 6359 0
6 6100 0
6 6007 0
6 6482 0
14 6429321 0
14 6422293 0
14 6453244 0
14 6511548 0
14 6411629 0
14 6554565 0
14 6443394 0
14 6403521 0
14 6412389 0
14 6472244 0
14 6465793 0
14 6474988 0
14 6450377 0
14 6401077 0
14 6447671 0
14 6405158 0
14 6387192 0
14 6553370 0
14 6440960 0
14 6395987 0
14 6417489 0
14 4091160 0
14 3914571 0
14 4036772 0
14 3895165 0
11 2825033 0
11 2884424 0
11 2877073 0
11 2851137 0
11 2838744 0
11 2836959 0
11 2859360 0
11 2835143 0
11 2948215 0
11 2937921 0
11 2914127 0
11 2853752 0
11 2849117 0
11 2843333 0
11 2840168 0
11 2840957 0
11 2823982 0
11 2828117 0
11 2860495 0
11 2839431 0
11 2833531 0
11 2821620 0
11 2811538 0
11 2823858 0
11 2832439 0
16 4718438 1
16 4756324 1
16 4695456 1
16 4769196 1
16 4815810 1
16 4769759 1
16 4695709 1
16 4683767 1
16 4693961 1
16 4696181 1
16 4702736 1
16 4797077 1
16 4698000 1
16 4691450 1
16 4697950 1
16 4696754 1
16 4779442 1
16 5350796 1
16 4914672 1
16 4773728 1
16 4727958 1
16 4714888 1
16 4725881 1
16 4693004 1
16 4730755 1
15 4427827 0
15 4433927 0
15 4417350 0
15 4441965 0
15 4454125 0
15 4445601 0
15 4438610 0
15 4452698 0
15 4450743 0
15 4449087 0
15 4434972 0
15 4473054 0
15 4483392 0
15 4433140 0
15 4543231 0
15 4477586 0
15 4439489 0
15 4497790 0
15 4541791 0
15 4582269 0
15 4640849 0
15 4571151 0
15 4516996 0
15 4418649 0
15 4418361 0
8 69350 3
8 69682 3
8 70155 3
8 68807 3
8 68881 3
8 70483 3
8 69903 3
8 69397 3
8 69170 3
8 69976 3
8 69304 3
8 69484 3
8 68861 3
8 69170 3
8 70248 3
8 69726 3
8 69798 3
8 69486 3
8 68562 3
8 69613 3
8 69876 3
8 68927 3
8 69013 3
8 69716 3
8 68753 3
9 369294 0
9 366235 0
9 368663 0
9 368565 0
9 368514 0
9 369297 0
9 369205 0
9 370001 0
9 367867 0
9 370306 0
9 370059 0
9 371122 0
9 368179 0
9 373216 0
9 370710 0
9 369766 0
9 375673 0
9 370783 0
9 367319 0
9 371355 0
9 365532 0
9 369593 0
9 367618 0
9 372057 0
9 366110 0
10 1071898 3
10 1069758 3
10 1068609 3
10 1072629 3
10 1071631 3
10 1070533 3
10 1068708 3
10 1068256 3
10 1074795 3
10 1069527 3
10 1067373 3
10 1069210 3
10 1077053 3
10 1075358 3
10 1068163 3
10 1070166 3
10 1069657 3
10 1070677 3
10 1065704 3
10 1064379 3
10 1066018 3
10 1067479 3
10 1068064 3
10 1069846 3
10 1068588 3
12 3499998 2
12 3489897 2
12 3495580 2
12 3496825 2
12 3483635 2
12 3495134 2
12 3476925 2
12 3485088 2
12 3493308 2
12 3494749 2
12 3493731 2
12 3480207 2
12 3493285 2
12 3513444 2
12 3542894 2
12 3492797 2
12 3483066 2
12 3489850 2
12 3489390 2
12 3599463 2
12 3513681 2
12 3488712 2
12 3496075 2
12 3483197 2
12 3487092 2
13 3754549 1
13 3765458 1
13 3788221 1
13 3775288 1
13 3763746 1
13 3786587 1
13 3776598 1
13 3798947 1
13 3756755 1
13 3764706 1
13 3825236 1
13 3937731 1
13 3801695 1
13 3767738 1
13 3762908 1
13 3764857 1
13 3771165 1
13 3755775 1
13 3775839 1
13 3809521 1
13 3763387 1
13 3829157 1
13 3775001 1
13 3781521 1
13 3784760 1
